{
  "config": {
    "num_cameras": 500,
    "workspace_center": [
      0.0,
      0.0,
      0.8
    ],
    "center_rand_cube_size": 0.3,
    "min_distance": 0.7,
    "max_distance": 1.2,
    "min_elevation": 30,
    "max_elevation": 60,
    "total_range": 240,
    "interval_length": 30,
    "start_azimuth": -120,
    "intervals": [
      [
        -120,
        -90
      ],
      [
        -60,
        -30
      ],
      [
        0,
        30
      ],
      [
        60,
        90
      ]
    ],
    "seed": 42
  },
  "poses": [
    [
      [
        -0.4329493887654757,
        -0.5907985737067213,
        0.6808170621199977,
        0.8111736246529602
      ],
      [
        0.9014182307717106,
        -0.28375938342278667,
        0.32699508490483303,
        0.3593998276103685
      ],
      [
        0.0,
        0.7552732337542644,
        0.6554100566625266,
        1.4329236357954587
      ],
      [
        0.0,
        0.0,
        0.0,
        1.0
      ]
    ],
    [
      [
        -0.21103835264903534,
        -0.6373596181174616,
        0.7411042645298601,
        0.6335768059629823
      ],
      [
        0.9774777816969454,
        -0.13760652811874308,
        0.1600050927562125,
        0.30881464580928153
      ],
      [
        0.0,
        0.7581801636895211,
        0.6520451206686013,
        1.5837132407924148
      ],
      [
        0.0,
        0.0,
        0.0,
        1.0
      ]
    ],
    [
      [
        0.797729924349472,
        -0.5672537197474822,
        0.20457317817844672,
        0.2541436995201532
      ],
      [
        0.6030148984870817,
        0.7504213711409814,
        -0.2706303714247608,
        -0.43977557312792903
      ],
      [
        -0.0,
        0.3392506199957997,
        0.9406960278604697,
        1.6715310296808967
      ],
      [
        0.0,
        0.0,
        0.0,
        1.0
      ]
    ],
    [
      [
        -0.3147639355222921,
        -0.44140481983120416,
        0.8402889086048324,
        0.6642855647335564
      ],
      [
        0.9491699873544877,
        -0.14637875206718756,
        0.27865677104411885,
        0.22040663668049407
      ],
      [
        0.0,
        0.8852881146683463,
        0.46504295933490375,
        1.2753777244312223
      ],
      [
        0.0,
        0.0,
        0.0,
        1.0
      ]
    ],
    [
      [
        -0.11197235760677329,
        -0.9102983712042458,
        0.398521099209161,
        0.46430200242419983
      ],
      [
        0.9937113218294238,
        -0.10257330525498597,
        0.04490574481162287,
        0.09424273203436308
      ],
      [
        0.0,
        0.40104313038869593,
        0.9160591725254628,
        1.6042032596958742
      ],
      [
        0.0,
        0.0,
        0.0,
        1.0
      ]
    ],
    [
      [
        0.3095154838010913,
        -0.8002244985690182,
        0.5136544725565424,
        0.4851636572009293
      ],
      [
        0.9508944028057881,
        0.26047253206375454,
        -0.16719418277236792,
        -0.2976982332001235
      ],
      [
        -0.0,
        0.540180351299693,
        0.8415492784559561,
        1.7461747721604601
      ],
      [
        0.0,
        0.0,
        0.0,
        1.0
      ]
    ],
    [
      [
        -0.34607211724909986,
        -0.6936713927719557,
        0.6317072807183249,
        0.6957658458689717
      ],
      [
        0.9382079138776891,
        -0.255871139030936,
        0.23301474319940815,
        0.2601072017472277
      ],
      [
        0.0,
        0.6733126755533618,
        0.7393578571565824,
        1.6336929949163148
      ],
      [
        0.0,
        0.0,
        0.0,
        1.0
      ]
    ],
    [
      [
        -0.8291308791234889,
        -0.39993381940573886,
        0.39063400438191287,
        0.2401441779195577
      ],
      [
        0.5590545458932522,
        -0.5931397601736187,
        0.5793472530505964,
        0.6372491788582229
      ],
      [
        0.0,
        0.6987404131698124,
        0.7153753105910771,
        1.4954599095426406
      ],
      [
        0.0,
        0.0,
        0.0,
        1.0
      ]
    ],
    [
      [
        0.7176131796734875,
        -0.5729184733071453,
        0.39597442758632423,
        0.3781857748259416
      ],
      [
        0.696441903075129,
        0.5903347364773215,
        -0.40801173334763824,
        -0.4221688033641705
      ],
      [
        -0.0,
        0.5685677812289941,
        0.8226364191721266,
        1.7000391976320288
      ],
      [
        0.0,
        0.0,
        0.0,
        1.0
      ]
    ],
    [
      [
        0.8238065123641961,
        -0.431097087985215,
        0.36810070757471736,
        0.3993048405427969
      ],
      [
        0.566871087802456,
        0.6264926827018223,
        -0.5349430701810559,
        -0.47994301155746383
      ],
      [
        -0.0,
        0.6493552334829849,
        0.760485227172927,
        1.3554837949743703
      ],
      [
        0.0,
        0.0,
        0.0,
        1.0
      ]
    ],
    [
      [
        -0.8462625779875214,
        -0.32003307021717997,
        0.4259324865108081,
        0.2254402417709029
      ],
      [
        0.5327660359838211,
        -0.5083507445123185,
        0.6765647577696146,
        0.5659304983938395
      ],
      [
        0.0,
        0.7994737985207127,
        0.6007009617762094,
        1.2913395119557276
      ],
      [
        0.0,
        0.0,
        0.0,
        1.0
      ]
    ],
    [
      [
        -0.8855734729770188,
        -0.41285560738380545,
        0.21286115524249663,
        0.3046007097548332
      ],
      [
        0.4644993261129892,
        -0.7871141108609008,
        0.40582231644431827,
        0.5311245045299638
      ],
      [
        0.0,
        0.45825934135094576,
        0.8888185281960528,
        1.6572264199940474
      ],
      [
        0.0,
        0.0,
        0.0,
        1.0
      ]
    ],
    [
      [
        -0.4838116538890071,
        -0.7243874051723137,
        0.49111014119941143,
        0.5704859231179134
      ],
      [
        0.8751721451012845,
        -0.4004550082112399,
        0.2714949407214655,
        0.20238178967272527
      ],
      [
        0.0,
        0.5611583320474337,
        0.827708479099823,
        1.7482910012853399
      ],
      [
        0.0,
        0.0,
        0.0,
        1.0
      ]
    ],
    [
      [
        0.8567635953594007,
        -0.4411370839651966,
        0.2671220972093398,
        0.40211818565593954
      ],
      [
        0.5157093577460398,
        0.7328744154580663,
        -0.44377804080436967,
        -0.48340017732438134
      ],
      [
        -0.0,
        0.5179702349727066,
        0.8553986413844245,
        1.6015830247681113
      ],
      [
        0.0,
        0.0,
        0.0,
        1.0
      ]
    ],
    [
      [
        0.29171291100879915,
        -0.715177004012049,
        0.63515779967117,
        0.4180915893430026
      ],
      [
        0.9565059213359699,
        0.21811298923849215,
        -0.19370892177356458,
        -0.2876966176682281
      ],
      [
        -0.0,
        0.6640395898271422,
        0.7476974141604348,
        1.4415151935179733
      ],
      [
        0.0,
        0.0,
        0.0,
        1.0
      ]
    ],
    [
      [
        0.8656728841138385,
        -0.2966006490661895,
        0.4032846546591425,
        0.3061898032246325
      ],
      [
        0.5006100855057044,
        0.5128924621001049,
        -0.697374264373775,
        -0.5144018462934489
      ],
      [
        -0.0,
        0.8055863561992642,
        0.5924783731965179,
        1.1922829633569352
      ],
      [
        0.0,
        0.0,
        0.0,
        1.0
      ]
    ],
    [
      [
        0.8279326104812449,
        -0.3651849118524474,
        0.4256378421346387,
        0.36366860574932136
      ],
      [
        0.5608275960593517,
        0.5391113053330615,
        -0.6283561155589807,
        -0.535525244854677
      ],
      [
        -0.0,
        0.758945966862861,
        0.6511536065957073,
        1.5222906078520606
      ],
      [
        0.0,
        0.0,
        0.0,
        1.0
      ]
    ],
    [
      [
        0.1130121176779745,
        -0.8332552414107246,
        0.5412152657857083,
        0.5847544055347655
      ],
      [
        0.9935936097107004,
        0.09477510571501789,
        -0.061558249477771394,
        0.049479786039588095
      ],
      [
        -0.0,
        0.54470485769659,
        0.838627818523651,
        1.7351806983910039
      ],
      [
        0.0,
        0.0,
        0.0,
        1.0
      ]
    ],
    [
      [
        -0.8886078658757383,
        -0.3347077393000683,
        0.31360291764650977,
        0.1431385841979117
      ],
      [
        0.45866770183191025,
        -0.6484518720712643,
        0.6075640780226449,
        0.45384772834139053
      ],
      [
        0.0,
        0.6837257482791694,
        0.7297390637344898,
        1.5189402082646348
      ],
      [
        0.0,
        0.0,
        0.0,
        1.0
      ]
    ],
    [
      [
        0.813988630479516,
        0.4143995995181022,
        -0.4070570984141151,
        -0.31998991122594295
      ],
      [
        -0.5808808048559377,
        0.580698414654374,
        -0.5704093633241084,
        -0.7479640177123036
      ],
      [
        0.0,
        0.7007583914139974,
        0.7133986801661935,
        1.5536933463842142
      ],
      [
        0.0,
        0.0,
        0.0,
        1.0
      ]
    ],
    [
      [
        0.988027886411142,
        0.13422278830332307,
        -0.0760600997502169,
        -0.14066649344472468
      ],
      [
        -0.15427538907399205,
        0.859604753755886,
        -0.4871126888578771,
        -0.5087748694369957
      ],
      [
        0.0,
        0.49301512189826796,
        0.8700207408904893,
        1.4466030118326003
      ],
      [
        0.0,
        0.0,
        0.0,
        1.0
      ]
    ],
    [
      [
        -0.9999999974086503,
        -4.530930264402246e-05,
        5.594431705430527e-05,
        0.13880329196764946
      ],
      [
        7.199096829992115e-05,
        -0.6293748173777493,
        0.7771018813952424,
        0.8854257204824092
      ],
      [
        0.0,
        0.7771018834089852,
        0.6293748190086795,
        1.5765903048752246
      ],
      [
        0.0,
        0.0,
        0.0,
        1.0
      ]
    ],
    [
      [
        0.7347611414450721,
        0.5935958038027987,
        -0.3282835462371578,
        -0.18013682336338735
      ],
      [
        -0.6783259283134729,
        0.6429816584537104,
        -0.35559600935581576,
        -0.3766931826374791
      ],
      [
        0.0,
        0.4839613709789507,
        0.8750893619512092,
        1.5212438619566417
      ],
      [
        0.0,
        0.0,
        0.0,
        1.0
      ]
    ],
    [
      [
        -0.9975763760431522,
        -0.05265621111832356,
        0.045482935165554086,
        0.029546709310126193
      ],
      [
        0.06957998247061764,
        -0.7549382796375699,
        0.6520941802970296,
        0.6146748800157547
      ],
      [
        0.0,
        0.6536784510510721,
        0.7567724113836809,
        1.2668798831605401
      ],
      [
        0.0,
        0.0,
        0.0,
        1.0
      ]
    ],
    [
      [
        -0.9436425409632228,
        -0.18384185757864943,
        0.27521069435344264,
        0.2864580256308579
      ],
      [
        0.33096639540060924,
        -0.5241649908623814,
        0.7846733762972765,
        0.5485404655168912
      ],
      [
        0.0,
        0.8315366701212108,
        0.5554698607878998,
        1.3396456920637956
      ],
      [
        0.0,
        0.0,
        0.0,
        1.0
      ]
    ],
    [
      [
        0.6069689800879569,
        -0.4988250636287055,
        0.618677794257078,
        0.6773188981434664
      ],
      [
        0.7947255231908595,
        0.38097598639764924,
        -0.47251311154014847,
        -0.6524080959691522
      ],
      [
        -0.0,
        0.7784798351172342,
        0.6276696155748213,
        1.4039429594162804
      ],
      [
        0.0,
        0.0,
        0.0,
        1.0
      ]
    ],
    [
      [
        -0.9728300389629774,
        -0.15183895474681508,
        0.1747759912364589,
        0.29288463921396596
      ],
      [
        0.2315204424911375,
        -0.6380149185664081,
        0.7343944773726228,
        0.7951277359744114
      ],
      [
        0.0,
        0.7549052228644961,
        0.655833900078294,
        1.429466884494353
      ],
      [
        0.0,
        0.0,
        0.0,
        1.0
      ]
    ],
    [
      [
        0.9992282186717282,
        0.02899117714426612,
        -0.026504313949141284,
        -0.14076557942599502
      ],
      [
        -0.03928061875944501,
        0.7374833495487139,
        -0.6742220273235551,
        -0.8622586274223749
      ],
      [
        0.0,
        0.6747427812034741,
        0.7380529650464124,
        1.5757395639967973
      ],
      [
        0.0,
        0.0,
        0.0,
        1.0
      ]
    ],
    [
      [
        0.0015586918101110072,
        -0.7276106148002065,
        0.6859886031924339,
        0.4933240728022329
      ],
      [
        0.9999987852391827,
        0.0011341220839259864,
        -0.0010692461165038227,
        0.14372956816019192
      ],
      [
        -0.0,
        0.6859894365055225,
        0.7276114986741453,
        1.4316778956115992
      ],
      [
        0.0,
        0.0,
        0.0,
        1.0
      ]
    ],
    [
      [
        0.8834486758744979,
        0.2515941971372384,
        -0.3952452366094558,
        -0.3733047493779944
      ],
      [
        -0.4685279469739199,
        0.4744019257638288,
        -0.74526798920655,
        -0.8904734588295216
      ],
      [
        0.0,
        0.8435894574960259,
        0.5369886658036284,
        1.4220937572900811
      ],
      [
        0.0,
        0.0,
        0.0,
        1.0
      ]
    ],
    [
      [
        -0.1780011753028395,
        -0.7783639267912299,
        0.6020508110292226,
        0.5980296064326697
      ],
      [
        0.9840302747328497,
        -0.1407982023924889,
        0.10890493382871105,
        0.22969062369405957
      ],
      [
        0.0,
        0.6118214311980095,
        0.7909959142289037,
        1.7286294388758168
      ],
      [
        0.0,
        0.0,
        0.0,
        1.0
      ]
    ],
    [
      [
        0.9751974019729762,
        0.19904305189794408,
        -0.09680852584514305,
        -0.23249039975091265
      ],
      [
        -0.22133690877293236,
        0.8769719798101061,
        -0.4265326710145256,
        -0.49516288726145474
      ],
      [
        0.0,
        0.4373808524833881,
        0.8992763701337341,
        1.6409526276575734
      ],
      [
        0.0,
        0.0,
        0.0,
        1.0
      ]
    ],
    [
      [
        0.9566533237523789,
        0.18188213605501577,
        -0.22744956965795968,
        -0.2677138453502324
      ],
      [
        -0.29122915059026344,
        0.5974613105712586,
        -0.7471449419068215,
        -0.6802449102511936
      ],
      [
        0.0,
        0.7809986369735473,
        0.6245327285622917,
        1.3953830414225132
      ],
      [
        0.0,
        0.0,
        0.0,
        1.0
      ]
    ],
    [
      [
        -0.9216423504252368,
        -0.2594131253950024,
        0.2885831046257592,
        0.32080036476687196
      ],
      [
        0.38804043333478166,
        -0.6161371395385884,
        0.6854193222973517,
        0.760087384951836
      ],
      [
        0.0,
        0.7436933882010804,
        0.6685208630596334,
        1.486447835792283
      ],
      [
        0.0,
        0.0,
        0.0,
        1.0
      ]
    ],
    [
      [
        0.9914537342953269,
        0.08116464963448057,
        -0.10213614640059267,
        -0.17001254346977782
      ],
      [
        -0.13045877797929614,
        0.6168308198138142,
        -0.7762088939041903,
        -0.6961629695176965
      ],
      [
        0.0,
        0.7828997633014906,
        0.622147860739286,
        1.5232672313240765
      ],
      [
        0.0,
        0.0,
        0.0,
        1.0
      ]
    ],
    [
      [
        -0.42463853628081605,
        -0.6878169916797395,
        0.5887188628385532,
        0.6436966091367959
      ],
      [
        0.9053629733456555,
        -0.3226038717892752,
        0.27612429882442946,
        0.32461038285453303
      ],
      [
        0.0,
        0.6502572782085582,
        0.7597140726199547,
        1.627394669590862
      ],
      [
        0.0,
        0.0,
        0.0,
        1.0
      ]
    ],
    [
      [
        0.8185607539656022,
        0.3818189972268626,
        -0.42915328895854654,
        -0.2735941447625057
      ],
      [
        -0.5744199614108693,
        0.5441002528546476,
        -0.6115526328749179,
        -0.6416049549993594
      ],
      [
        0.0,
        0.7471071999386579,
        0.6647035668625664,
        1.4969142458700395
      ],
      [
        0.0,
        0.0,
        0.0,
        1.0
      ]
    ],
    [
      [
        0.5635144757207439,
        -0.6231079306872079,
        0.5423909497473948,
        0.4065868546283878
      ],
      [
        0.8261061890902254,
        0.4250426198420479,
        -0.3699828856374754,
        -0.2480077736978534
      ],
      [
        -0.0,
        0.6565632323184982,
        0.7542709870911686,
        1.5460192556840202
      ],
      [
        0.0,
        0.0,
        0.0,
        1.0
      ]
    ],
    [
      [
        0.9958166335886376,
        0.08514138663898622,
        -0.03316890937886929,
        -0.08336789684917353
      ],
      [
        -0.09137413347437547,
        0.9278907038355733,
        -0.3614825161295239,
        -0.3660217184190596
      ],
      [
        0.0,
        0.36300108266603714,
        0.9317887174586763,
        1.435011448084465
      ],
      [
        0.0,
        0.0,
        0.0,
        1.0
      ]
    ],
    [
      [
        -0.06746712625674445,
        -0.7932461414166592,
        0.6051518371468753,
        0.7978766607672244
      ],
      [
        0.9977214976508507,
        -0.05364025702727873,
        0.04092109421057765,
        0.07099499823145357
      ],
      [
        0.0,
        0.6065338258940133,
        0.7950576822132913,
        1.650151355134844
      ],
      [
        0.0,
        0.0,
        0.0,
        1.0
      ]
    ],
    [
      [
        -0.9697529866405327,
        -0.13007189382665277,
        0.2065440566516379,
        0.10734054176595677
      ],
      [
        0.2440883956720742,
        -0.5167701937205121,
        0.8205908980608408,
        0.6172152910076381
      ],
      [
        0.0,
        0.8461854816282376,
        0.5328884786534492,
        1.3399885527635527
      ],
      [
        0.0,
        0.0,
        0.0,
        1.0
      ]
    ],
    [
      [
        0.9667075485553145,
        0.1299536313199842,
        -0.22042814991040502,
        -0.09947696922116467
      ],
      [
        -0.2558837930900946,
        0.4909539398416325,
        -0.8327590968508267,
        -0.6334038074468202
      ],
      [
        0.0,
        0.8614384961567068,
        0.5078619077458671,
        1.353143094548097
      ],
      [
        0.0,
        0.0,
        0.0,
        1.0
      ]
    ],
    [
      [
        0.9001653996359,
        0.26130992067636233,
        -0.34845283562406765,
        -0.40553430002845947
      ],
      [
        -0.4355482215534122,
        0.540059946371787,
        -0.7201617880910943,
        -0.7772951467039595
      ],
      [
        0.0,
        0.8000327366308305,
        0.5999563486779552,
        1.3093555987283005
      ],
      [
        0.0,
        0.0,
        0.0,
        1.0
      ]
    ],
    [
      [
        0.4983662771641977,
        -0.5782704757673264,
        0.6459367698477368,
        0.5672574477950839
      ],
      [
        0.8669665817005278,
        0.3324124715820709,
        -0.37130970220450865,
        -0.3726162254976311
      ],
      [
        -0.0,
        0.7450538273121808,
        0.6670043436196431,
        1.3723197024769473
      ],
      [
        0.0,
        0.0,
        0.0,
        1.0
      ]
    ],
    [
      [
        0.7805961292926209,
        0.5567185235355986,
        -0.28413758724554766,
        -0.2435725215292711
      ],
      [
        -0.6250357453245198,
        0.6952759547404129,
        -0.3548544262460727,
        -0.5141489155281033
      ],
      [
        0.0,
        0.45459414020876987,
        0.8906986963546368,
        1.7641209084390268
      ],
      [
        0.0,
        0.0,
        0.0,
        1.0
      ]
    ],
    [
      [
        -0.3168330504393707,
        -0.5287327728080351,
        0.7874379169864822,
        0.7844071175660176
      ],
      [
        0.9484813219822957,
        -0.17661920524267682,
        0.26303771248655966,
        0.14971481039188825
      ],
      [
        0.0,
        0.8302091973100347,
        0.5574519608915445,
        1.3348324384025556
      ],
      [
        0.0,
        0.0,
        0.0,
        1.0
      ]
    ],
    [
      [
        -0.9999995313640888,
        -0.0005868241863243971,
        0.0007700058293561942,
        0.060667137813856985
      ],
      [
        0.000968127885611096,
        -0.6061429693734091,
        0.7953551177980711,
        0.7317608305804127
      ],
      [
        0.0,
        0.7953554905302163,
        0.6061432534339048,
        1.3301851823266646
      ],
      [
        0.0,
        0.0,
        0.0,
        1.0
      ]
    ],
    [
      [
        0.6498854582733739,
        -0.5196977757741522,
        0.5545837294585966,
        0.6023162918454535
      ],
      [
        0.760032164533059,
        0.44438122876041414,
        -0.4742113794507441,
        -0.5921217042397631
      ],
      [
        -0.0,
        0.7296845519680292,
        0.683783923925692,
        1.5009404963130009
      ],
      [
        0.0,
        0.0,
        0.0,
        1.0
      ]
    ],
    [
      [
        0.8345294127410088,
        0.2600994630261108,
        -0.4857045692637407,
        -0.3196196567543082
      ],
      [
        -0.5509633919509962,
        0.3939656523545176,
        -0.7356836313896976,
        -0.7023159253629907
      ],
      [
        0.0,
        0.8815550658344653,
        0.47208120689304267,
        1.2901826912658838
      ],
      [
        0.0,
        0.0,
        0.0,
        1.0
      ]
    ],
    [
      [
        -0.2326019748289219,
        -0.6544255292522737,
        0.7194605951465076,
        0.7218652322459332
      ],
      [
        0.9725720134291782,
        -0.15651352124129964,
        0.17206741807490356,
        0.09512876122972387
      ],
      [
        0.0,
        0.73975046085253,
        0.6728813087524941,
        1.5666420835933512
      ],
      [
        0.0,
        0.0,
        0.0,
        1.0
      ]
    ],
    [
      [
        -0.2691730707469769,
        -0.6522549584730054,
        0.7085967309634029,
        0.7324178034032806
      ],
      [
        0.9630918221979891,
        -0.1822977477697114,
        0.1980446241972948,
        0.2624359424824527
      ],
      [
        0.0,
        0.7357519964671988,
        0.6772510610508715,
        1.5272952700767721
      ],
      [
        0.0,
        0.0,
        0.0,
        1.0
      ]
    ],
    [
      [
        0.8163996123551187,
        -0.23261501495939554,
        0.5285659161938576,
        0.305439495872028
      ],
      [
        0.5774873790364703,
        0.3288501444961231,
        -0.7472388570721326,
        -0.5199475260416317
      ],
      [
        -0.0,
        0.9152856588411724,
        0.4028053658029903,
        1.1988636292119155
      ],
      [
        0.0,
        0.0,
        0.0,
        1.0
      ]
    ],
    [
      [
        -0.8447837170043414,
        -0.41049780513577067,
        0.34326669436903373,
        0.32760686086856267
      ],
      [
        0.5351079063930272,
        -0.6480596857225561,
        0.5419208173311421,
        0.5793930970039002
      ],
      [
        0.0,
        0.6414906045453017,
        0.7671308912305014,
        1.6801099964918356
      ],
      [
        0.0,
        0.0,
        0.0,
        1.0
      ]
    ],
    [
      [
        0.6676609102608403,
        -0.5352236713370304,
        0.5174596897828628,
        0.354570836197235
      ],
      [
        0.7444655189528029,
        0.480006010353161,
        -0.4640746934655831,
        -0.31396813930620765
      ],
      [
        -0.0,
        0.6950754287596072,
        0.7189368180408124,
        1.3458291397358506
      ],
      [
        0.0,
        0.0,
        0.0,
        1.0
      ]
    ],
    [
      [
        0.9351473730120353,
        0.22568568813560477,
        -0.2730665869700061,
        -0.1530700689652315
      ],
      [
        -0.3542589317839274,
        0.5957489267063824,
        -0.7208216322915845,
        -0.6223139195653066
      ],
      [
        0.0,
        0.7708107332535998,
        0.6370642145820529,
        1.577951745769162
      ],
      [
        0.0,
        0.0,
        0.0,
        1.0
      ]
    ],
    [
      [
        -0.99924904708565,
        0.02790520428767368,
        -0.026881991594442864,
        0.018985133572140964
      ],
      [
        -0.038747153423451614,
        -0.7196463824955835,
        0.6932587844828221,
        0.6064454164270441
      ],
      [
        0.0,
        0.6937797804308538,
        0.7201872091791942,
        1.4566973753908543
      ],
      [
        0.0,
        0.0,
        0.0,
        1.0
      ]
    ],
    [
      [
        0.9985657545100369,
        0.04672760724049799,
        -0.026133592201961205,
        -0.11559823857268467
      ],
      [
        -0.05353908777520072,
        0.8715237842018237,
        -0.4874216446268387,
        -0.5826496506262874
      ],
      [
        0.0,
        0.4881217310181044,
        0.8727755586105108,
        1.6362439082917484
      ],
      [
        0.0,
        0.0,
        0.0,
        1.0
      ]
    ],
    [
      [
        0.7733012470995886,
        -0.28805998249155657,
        0.5648244220297005,
        0.4447733673546415
      ],
      [
        0.6340387852759649,
        0.3513304688501847,
        -0.6888844028015791,
        -0.7536713180110229
      ],
      [
        -0.0,
        0.8908357582318267,
        0.45432549109149317,
        1.364699478151119
      ],
      [
        0.0,
        0.0,
        0.0,
        1.0
      ]
    ],
    [
      [
        0.777526731813222,
        -0.3483100559823312,
        0.5235764377981837,
        0.4835511829358524
      ],
      [
        0.628849887744166,
        0.4306598200360971,
        -0.6473638374906544,
        -0.5718261347620182
      ],
      [
        -0.0,
        0.8325936729930524,
        0.5538842620005899,
        1.381319733111928
      ],
      [
        0.0,
        0.0,
        0.0,
        1.0
      ]
    ],
    [
      [
        -0.928725020467147,
        -0.29590285988872045,
        0.22340844627715742,
        0.06818147564111586
      ],
      [
        0.37076924947775436,
        -0.7411952042773914,
        0.5596068555672802,
        0.4883600932898852
      ],
      [
        0.0,
        0.602553870343451,
        0.7980782125419336,
        1.481297131575188
      ],
      [
        0.0,
        0.0,
        0.0,
        1.0
      ]
    ],
    [
      [
        0.9885963673737012,
        0.07282101301990862,
        -0.13181169325320277,
        -0.09597745743611513
      ],
      [
        -0.15058958269256914,
        0.4780582272209659,
        -0.8653225462050699,
        -0.6785691171016851
      ],
      [
        0.0,
        0.8753041936658945,
        0.4835727127856765,
        1.259315634015291
      ],
      [
        0.0,
        0.0,
        0.0,
        1.0
      ]
    ],
    [
      [
        -0.8509136957400814,
        -0.4311090036694527,
        0.3001514773528328,
        0.19304732454148024
      ],
      [
        0.5253055133938309,
        -0.6983299170214008,
        0.4861989763367744,
        0.6263360711789342
      ],
      [
        0.0,
        0.5713845937265157,
        0.8206824270398293,
        1.6549559085091956
      ],
      [
        0.0,
        0.0,
        0.0,
        1.0
      ]
    ],
    [
      [
        -0.795380793054121,
        -0.3480360176304875,
        0.49622608201555507,
        0.18330576219562794
      ],
      [
        0.6061100510968263,
        -0.45671765913367596,
        0.6511832198351383,
        0.5538938523883765
      ],
      [
        0.0,
        0.8187062417420344,
        0.5742125823531157,
        1.2712634754155474
      ],
      [
        0.0,
        0.0,
        0.0,
        1.0
      ]
    ],
    [
      [
        0.9334800195539298,
        0.30103992368415494,
        -0.1949102804929312,
        -0.21425164526886736
      ],
      [
        -0.35862940913092295,
        0.7835797809448747,
        -0.5073338878892157,
        -0.5754722136062238
      ],
      [
        0.0,
        0.5434866063139188,
        0.8394178391941522,
        1.8021309563501247
      ],
      [
        0.0,
        0.0,
        0.0,
        1.0
      ]
    ],
    [
      [
        -0.21736204832947,
        -0.8468364644080424,
        0.4854088405611331,
        0.5265987446713626
      ],
      [
        0.9760910510531368,
        -0.18857883012575427,
        0.10809387069757825,
        0.17184669497657812
      ],
      [
        0.0,
        0.49729873052048734,
        0.8675793754018774,
        1.3859908628839634
      ],
      [
        0.0,
        0.0,
        0.0,
        1.0
      ]
    ],
    [
      [
        0.9771455476880343,
        0.10858432198823703,
        -0.1827457896965239,
        -0.21692592960298196
      ],
      [
        -0.2125713495122315,
        0.4991391691448264,
        -0.840043755522271,
        -0.8002198000824492
      ],
      [
        0.0,
        0.8596915347051913,
        0.5108135326674821,
        1.3125984084792846
      ],
      [
        0.0,
        0.0,
        0.0,
        1.0
      ]
    ],
    [
      [
        0.6832077774506775,
        -0.5787484977806867,
        0.4452834031799345,
        0.6083831600821425
      ],
      [
        0.7302240292067261,
        0.5414851594259469,
        -0.41661335707169955,
        -0.36469329139790374
      ],
      [
        -0.0,
        0.6097901265501563,
        0.7925629322406798,
        1.664795107177764
      ],
      [
        0.0,
        0.0,
        0.0,
        1.0
      ]
    ],
    [
      [
        -0.8507055839445637,
        -0.3547106473313087,
        0.38791798890402446,
        0.2842915385041611
      ],
      [
        0.5256424730228132,
        -0.5740676293413581,
        0.6278107577103583,
        0.5388168072733163
      ],
      [
        0.0,
        0.7379882882622171,
        0.6748135197132633,
        1.659022030683158
      ],
      [
        0.0,
        0.0,
        0.0,
        1.0
      ]
    ],
    [
      [
        -0.9782567001152341,
        0.17811726273048542,
        -0.10624532647157758,
        0.032415486011026264
      ],
      [
        -0.20739775476039482,
        -0.8401460559377134,
        0.5011394776034429,
        0.4515734469512186
      ],
      [
        0.0,
        0.5122780938218067,
        0.8588196286708265,
        1.4817002743726893
      ],
      [
        0.0,
        0.0,
        0.0,
        1.0
      ]
    ],
    [
      [
        -0.8047933382898776,
        -0.5207448905044325,
        0.28483757065696447,
        0.27007671034594555
      ],
      [
        0.5935551218246159,
        -0.7060709332911673,
        0.386207398320003,
        0.5189235685063169
      ],
      [
        0.0,
        0.47988394031772585,
        0.8773319803957527,
        1.585247541812897
      ],
      [
        0.0,
        0.0,
        0.0,
        1.0
      ]
    ],
    [
      [
        -0.025481301278658462,
        -0.6543721281713815,
        0.7557432243544122,
        0.7243088169102605
      ],
      [
        0.9996752989271798,
        -0.01667966925279255,
        0.01926357569277335,
        0.09677808526147962
      ],
      [
        0.0,
        0.7559886946946195,
        0.6545846725167993,
        1.4615793317788346
      ],
      [
        0.0,
        0.0,
        0.0,
        1.0
      ]
    ],
    [
      [
        -0.42888399470914346,
        -0.5989688866899531,
        0.6762357516870322,
        0.7378073308373968
      ],
      [
        0.9033595735266923,
        -0.28436978624933446,
        0.32105343104564454,
        0.30382126190582176
      ],
      [
        0.0,
        0.7485787182694322,
        0.6630459279371934,
        1.6708029458885796
      ],
      [
        0.0,
        0.0,
        0.0,
        1.0
      ]
    ],
    [
      [
        0.7043977973156909,
        -0.6115465575276469,
        0.36032561817457187,
        0.476689751181301
      ],
      [
        0.7098054262520137,
        0.6068875105013974,
        -0.357580489485393,
        -0.5095786799096708
      ],
      [
        -0.0,
        0.5076399881544997,
        0.8615692905544506,
        1.762652246512586
      ],
      [
        0.0,
        0.0,
        0.0,
        1.0
      ]
    ],
    [
      [
        0.9854335166548126,
        0.0841968242771892,
        -0.14775547040622608,
        -0.00304466605577419
      ],
      [
        -0.1700611191699297,
        0.48788560867773434,
        -0.8561815511863285,
        -0.8265371738732131
      ],
      [
        0.0,
        0.8688374575412784,
        0.4950974372517063,
        1.32078178864342
      ],
      [
        0.0,
        0.0,
        0.0,
        1.0
      ]
    ],
    [
      [
        0.7968522102316173,
        -0.4783179202818821,
        0.3691050286655565,
        0.3299755246558794
      ],
      [
        0.6041742753949279,
        0.6308588556188769,
        -0.4868167511890434,
        -0.40989644886795046
      ],
      [
        -0.0,
        0.6109247674014013,
        0.7916886563388058,
        1.7068487893860178
      ],
      [
        0.0,
        0.0,
        0.0,
        1.0
      ]
    ],
    [
      [
        0.4473841367694049,
        -0.7959465814400438,
        0.40781916784403627,
        0.4342999985864432
      ],
      [
        0.8943419000399648,
        0.39816302270552273,
        -0.20400679690369883,
        -0.2660106891173471
      ],
      [
        -0.0,
        0.45599917417020536,
        0.8899801981820106,
        1.5755561362937782
      ],
      [
        0.0,
        0.0,
        0.0,
        1.0
      ]
    ],
    [
      [
        0.6600523185352818,
        -0.4680644623424611,
        0.5875768850867619,
        0.4427724512627315
      ],
      [
        0.751219632861255,
        0.4112605955416661,
        -0.5162691020761511,
        -0.4978649952143126
      ],
      [
        -0.0,
        0.7821639097061287,
        0.6230727231657819,
        1.2999202890477473
      ],
      [
        0.0,
        0.0,
        0.0,
        1.0
      ]
    ],
    [
      [
        -0.403466341179571,
        -0.5188016760727574,
        0.7536973745736865,
        0.8232042114664748
      ],
      [
        0.9149944871610812,
        -0.22876532807574673,
        0.33234246363536807,
        0.2373394146470269
      ],
      [
        0.0,
        0.8237179405442702,
        0.5669997834439677,
        1.500875827660427
      ],
      [
        0.0,
        0.0,
        0.0,
        1.0
      ]
    ],
    [
      [
        0.9711588573427047,
        0.15882724307615734,
        -0.17783245109270515,
        -0.022737347770126495
      ],
      [
        -0.2384333739324513,
        0.6469165006423612,
        -0.7243262851725248,
        -0.7299888045759948
      ],
      [
        0.0,
        0.7458370787601467,
        0.6661284049990143,
        1.4692164755152932
      ],
      [
        0.0,
        0.0,
        0.0,
        1.0
      ]
    ],
    [
      [
        0.18791453051501486,
        -0.6231151211518982,
        0.7592204390117385,
        0.7628128979455825
      ],
      [
        0.9821853843451966,
        0.119216175799774,
        -0.14525623637681045,
        0.018064069580653073
      ],
      [
        -0.0,
        0.7729909761565997,
        0.6344170164650909,
        1.2546929684775998
      ],
      [
        0.0,
        0.0,
        0.0,
        1.0
      ]
    ],
    [
      [
        0.9830133426139493,
        0.14335133958458338,
        -0.11460873301042905,
        -0.10865283577855427
      ],
      [
        -0.18353410648419097,
        0.767793421030258,
        -0.6138472891360706,
        -0.8238944349861907
      ],
      [
        0.0,
        0.6244546869565143,
        0.7810610372679218,
        1.542755546593618
      ],
      [
        0.0,
        0.0,
        0.0,
        1.0
      ]
    ],
    [
      [
        0.0144824813271557,
        -0.46028684118359625,
        0.8876521174242955,
        0.9536601090414836
      ],
      [
        0.9998951233677503,
        0.0066667947735606645,
        -0.012856753588625617,
        0.13746210612154197
      ],
      [
        -0.0,
        0.8877452211533859,
        0.4603351195806441,
        1.3948768159721805
      ],
      [
        0.0,
        0.0,
        0.0,
        1.0
      ]
    ],
    [
      [
        0.9830119917466565,
        0.15572769210453272,
        -0.0971406711633535,
        -0.14379348009130175
      ],
      [
        -0.18354134161618987,
        0.8340474545832985,
        -0.5202666810596751,
        -0.6515420064453459
      ],
      [
        0.0,
        0.5292577154987129,
        0.8484611190768163,
        1.6473879141052445
      ],
      [
        0.0,
        0.0,
        0.0,
        1.0
      ]
    ],
    [
      [
        0.9938221439919217,
        0.0826658768337678,
        -0.07405335183909192,
        -0.01306095090700901
      ],
      [
        -0.11098444085231049,
        0.7402405086604257,
        -0.6631187248350436,
        -0.5427709095606031
      ],
      [
        0.0,
        0.6672408426838533,
        0.7448420355045366,
        1.4069172087490251
      ],
      [
        0.0,
        0.0,
        0.0,
        1.0
      ]
    ],
    [
      [
        -0.942418958223046,
        -0.2152067661067092,
        0.2559932714031383,
        0.3252871699212158
      ],
      [
        0.33443460822975346,
        -0.6064412334309123,
        0.7213754384597559,
        0.5788389587946753
      ],
      [
        0.0,
        0.7654508986320976,
        0.643494305944749,
        1.462703071935329
      ],
      [
        0.0,
        0.0,
        0.0,
        1.0
      ]
    ],
    [
      [
        -0.94205904060787,
        -0.2383390343139687,
        0.2360492930115751,
        0.11401185241578843
      ],
      [
        0.335447110598645,
        -0.6693437949264915,
        0.6629133579770613,
        0.48716809017538376
      ],
      [
        0.0,
        0.7036855753215977,
        0.7105115136887735,
        1.5502040799702508
      ],
      [
        0.0,
        0.0,
        0.0,
        1.0
      ]
    ],
    [
      [
        0.9804729377502959,
        0.14522810961675275,
        -0.13259568061007454,
        -0.12659446105349936
      ],
      [
        -0.19665405752057202,
        0.7240747181886338,
        -0.661092265981645,
        -0.6624278713030435
      ],
      [
        0.0,
        0.6742585547526966,
        0.7384953631153042,
