{
  "config": {
    "num_cameras": 1000,
    "workspace_center": [
      0.0,
      0.0,
      0.8
    ],
    "center_rand_cube_size": 0.3,
    "min_distance": 0.7,
    "max_distance": 1.2,
    "min_elevation": 30,
    "max_elevation": 60,
    "azimuth_range": 180,
    "seed": 1
  },
  "poses": [
    [
      [
        0.012679270045969035,
        -0.8136056962084881,
        0.5812787689295067,
        0.4200574929773197
      ],
      [
        0.9999196148246624,
        0.010316755647377695,
        -0.007370782984928269,
        -0.11205162736324249
      ],
      [
        -0.0,
        0.5813254988816625,
        0.8136711033027941,
        1.3487041106474411
      ],
      [
        0.0,
        0.0,
        0.0,
        1.0
      ]
    ],
    [
      [
        0.8305230356726009,
        -0.34794925432522517,
        0.43492850404599553,
        0.37806304720870987
      ],
      [
        0.5569842791472376,
        0.5188294926467981,
        -0.6485248417313697,
        -0.5706100505135695
      ],
      [
        -0.0,
        0.7808631595704755,
        0.6247021098296485,
        1.3818641093085926
      ],
      [
        0.0,
        0.0,
        0.0,
        1.0
      ]
    ],
    [
      [
        0.8436010458851515,
        -0.46039539690059295,
        0.2763572939045109,
        0.23694428963935515
      ],
      [
        0.5369704604365856,
        0.72329870442085,
        -0.434167834830773,
        -0.31671377781166166
      ],
      [
        -0.0,
        0.5146601429058458,
        0.8573942717933999,
        1.394061126362775
      ],
      [
        0.0,
        0.0,
        0.0,
        1.0
      ]
    ],
    [
      [
        0.95245127091745,
        -0.1823977595403312,
        0.24406481483901352,
        0.38029034076586865
      ],
      [
        0.3046909524874909,
        0.5701678256882805,
        -0.7629364809878763,
        -0.8056146924013895
      ],
      [
        -0.0,
        0.8010241618481717,
        0.5986320172989696,
        1.4458973511680573
      ],
      [
        0.0,
        0.0,
        0.0,
        1.0
      ]
    ],
    [
      [
        -0.8518294291850335,
        -0.3528316340897452,
        0.3871646439951101,
        0.1537929242012482
      ],
      [
        0.5238192661350861,
        -0.5737711246909001,
        0.6296031074388369,
        0.3759208674321865
      ],
      [
        0.0,
        0.7391187553137182,
        0.6735751372664376,
        1.4215869330394446
      ],
      [
        0.0,
        0.0,
        0.0,
        1.0
      ]
    ],
    [
      [
        0.9611605482569022,
        -0.18779383050745388,
        0.20224707092521446,
        0.26373959876756103
      ],
      [
        0.27598985574562523,
        0.6540096214846812,
        -0.7043443863132388,
        -0.8262843813082695
      ],
      [
        -0.0,
        0.7328061764401291,
        0.680437438543176,
        1.598502538722498
      ],
      [
        0.0,
        0.0,
        0.0,
        1.0
      ]
    ],
    [
      [
        -0.28393552285942686,
        -0.8428434167826022,
        0.457160358785375,
        0.3385789205607225
      ],
      [
        0.9588433755616941,
        -0.24958527360383903,
        0.1353756711582733,
        0.22469727201950462
      ],
      [
        0.0,
        0.4767831435635343,
        0.8790209519765012,
        1.3811719710308794
      ],
      [
        0.0,
        0.0,
        0.0,
        1.0
      ]
    ],
    [
      [
        0.748987480128709,
        -0.5144060620915283,
        0.4176172385018769,
        0.3434228585366026
      ],
      [
        0.6625841490787768,
        0.5814864432608972,
        -0.4720760126222733,
        -0.2832981735723279
      ],
      [
        -0.0,
        0.6302855857365598,
        0.7763633687988646,
        1.4055782292965733
      ],
      [
        0.0,
        0.0,
        0.0,
        1.0
      ]
    ],
    [
      [
        0.5615782188500114,
        -0.567510856076407,
        0.6021306605286534,
        0.4628984192654264
      ],
      [
        0.8274236545526413,
        0.38517358547810016,
        -0.4086702887863222,
        -0.3642708805378778
      ],
      [
        -0.0,
        0.7277174845263568,
        0.6858770026139028,
        1.1958313015758406
      ],
      [
        0.0,
        0.0,
        0.0,
        1.0
      ]
    ],
    [
      [
        0.05175458400293068,
        -0.43401428934156755,
        0.8994181784253739,
        0.8404020702079668
      ],
      [
        0.9986598334942101,
        0.02249237252048813,
        -0.046611480814451704,
        -0.02225375218169535
      ],
      [
        -0.0,
        0.9006251661072623,
        0.4345967213109946,
        1.3172177597321841
      ],
      [
        0.0,
        0.0,
        0.0,
        1.0
      ]
    ],
    [
      [
        0.9115076987787152,
        -0.2991126004682999,
        0.28228596725346145,
        0.2442689141241686
      ],
      [
        0.411283010914785,
        0.6629095559336565,
        -0.6256174594628184,
        -0.7334361344632346
      ],
      [
        -0.0,
        0.6863545533417359,
        0.7272670947506605,
        1.5064220688998387
      ],
      [
        0.0,
        0.0,
        0.0,
        1.0
      ]
    ],
    [
      [
        -0.3803522477068071,
        -0.7256373075889034,
        0.5733957320206585,
        0.7159456212118389
      ],
      [
        0.9248416987054485,
        -0.29842705118906765,
        0.23581587617083363,
        0.40478276369346083
      ],
      [
        0.0,
        0.6199933813789666,
        0.7846070398908458,
        1.63537651639197
      ],
      [
        0.0,
        0.0,
        0.0,
        1.0
      ]
    ],
    [
      [
        0.8818713274643454,
        -0.35320837353787193,
        0.31232484156564366,
        0.22266791495696245
      ],
      [
        0.47149015026432234,
        0.6606380580140307,
        -0.5841698336161983,
        -0.47599930921906203
      ],
      [
        -0.0,
        0.6624207131168087,
        0.7491320303082886,
        1.5292147556312012
      ],
      [
        0.0,
        0.0,
        0.0,
        1.0
      ]
    ],
    [
      [
        -0.6781373290328002,
        -0.6117470918143976,
        0.40730241667449824,
        0.4981691516666834
      ],
      [
        0.7349352100506952,
        -0.5644695385569878,
        0.37582492874874834,
        0.5007176142515559
      ],
      [
        0.0,
        0.5542018005184468,
        0.8323823426179293,
        1.6969286725488906
      ],
      [
        0.0,
        0.0,
        0.0,
        1.0
      ]
    ],
    [
      [
        0.8500123294695695,
        -0.4492365182167587,
        0.275073790918364,
        0.37458685494593014
      ],
      [
        0.526762792677801,
        0.7249118287019782,
        -0.44387363163206467,
        -0.33039357798080604
      ],
      [
        -0.0,
        0.522196697910316,
        0.8528250750837256,
        1.5655090602677535
      ],
      [
        0.0,
        0.0,
        0.0,
        1.0
      ]
    ],
    [
      [
        0.9450144644178671,
        -0.2903467301747011,
        0.1504873360714156,
        0.1705437692618557
      ],
      [
        0.3270285339859686,
        0.8390150436331547,
        -0.43486330555272623,
        -0.45242259794499795
      ],
      [
        -0.0,
        0.4601657666907817,
        0.8878330176141711,
        1.5885254219324407
      ],
      [
        0.0,
        0.0,
        0.0,
        1.0
      ]
    ],
    [
      [
        -0.9783140199169335,
        -0.14483503048005517,
        0.14806921482810517,
        0.14242418940552487
      ],
      [
        0.20712720351023445,
        -0.6840923765319559,
        0.6993682448731073,
        0.45470734531442697
      ],
      [
        0.0,
        0.7148709214373614,
        0.6992564377131595,
        1.3147502977225107
      ],
      [
        0.0,
        0.0,
        0.0,
        1.0
      ]
    ],
    [
      [
        -0.9630325934882843,
        -0.14247197082356433,
        0.22862624829375658,
        0.30681473836880024
      ],
      [
        0.2693848991299048,
        -0.5093275532695699,
        0.8173232038803282,
        0.8192868885910358
      ],
      [
        0.0,
        0.8486973435860884,
        0.5288788320493808,
        1.5529723409665057
      ],
      [
        0.0,
        0.0,
        0.0,
        1.0
      ]
    ],
    [
      [
        -0.20865128844198227,
        -0.7957269566666642,
        0.5685800297807773,
        0.3252767208807766
      ],
      [
        0.977990102113258,
        -0.16976598679041593,
        0.12130486345392592,
        0.22240026639701452
      ],
      [
        0.0,
        0.581376057438802,
        0.8136349794821476,
        1.4802917351441938
      ],
      [
        0.0,
        0.0,
        0.0,
        1.0
      ]
    ],
    [
      [
        0.9999422336541001,
        -0.008701436128857726,
        0.006309862450545532,
        0.1344598699172251
      ],
      [
        0.010748458254530973,
        0.8095052585816792,
        -0.5870142306399048,
        -0.6391617568172422
      ],
      [
        -0.0,
        0.5870481422659508,
        0.8095520234438897,
        1.6562642412300224
      ],
      [
        0.0,
        0.0,
        0.0,
        1.0
      ]
    ],
    [
      [
        0.9876161491373404,
        -0.06848624350693118,
        0.1411523163587478,
        0.03829242362640507
      ],
      [
        0.15688958526024188,
        0.43111924841283933,
        -0.8885504215770862,
        -0.6123200566224671
      ],
      [
        -0.0,
        0.8996920740443687,
        0.43652511027630714,
        1.1655307025151904
      ],
      [
        0.0,
        0.0,
        0.0,
        1.0
      ]
    ],
    [
      [
        -0.09262767867125653,
        -0.6959108333374842,
        0.71212935986905,
        0.42830183016853723
      ],
      [
        0.9957008150764839,
        -0.06473892968469584,
        0.06624770063410171,
        0.07173428718029944
      ],
      [
        0.0,
        0.715204154788553,
        0.6989156007510432,
        1.4262489983608124
      ],
      [
        0.0,
        0.0,
        0.0,
        1.0
      ]
    ],
    [
      [
        -0.08719195597884895,
        -0.5029155176216302,
        0.8599264764780477,
        0.930122932861932
      ],
      [
        0.9961915291813028,
        -0.0440178282880828,
        0.07526531724651395,
        0.18055229289680239
      ],
      [
        0.0,
        0.8632140018142481,
        0.5048381790948773,
        1.3594356435832304
      ],
      [
        0.0,
        0.0,
        0.0,
        1.0
      ]
    ],
    [
      [
        -0.8838424088373963,
        -0.3548578788184146,
        0.3047925231710979,
        0.2480021325301937
      ],
      [
        0.46778477566131726,
        -0.6704759511816072,
        0.5758814136144785,
        0.542622506493357
      ],
      [
        0.0,
        0.6515657178885446,
        0.7585921929946191,
        1.5750965881605112
      ],
      [
        0.0,
        0.0,
        0.0,
        1.0
      ]
    ],
    [
      [
        0.9989981686593771,
        -0.029081969802188395,
        0.03401320401896082,
        0.09486147446079064
      ],
      [
        0.04475107836925106,
        0.6492097091755452,
        -0.7592918375018878,
        -0.6733254293179567
      ],
      [
        -0.0,
        0.7600532827010411,
        0.6498607600520063,
        1.245383969520807
      ],
      [
        0.0,
        0.0,
        0.0,
        1.0
      ]
    ],
    [
      [
        0.9004431754806113,
        -0.3722564218371743,
        0.22500498690335027,
        0.11356537377669226
      ],
      [
        0.4349736632606543,
        0.7706116091246011,
        -0.46578499348089775,
        -0.49365971314880436
      ],
      [
        -0.0,
        0.5172841620264211,
        0.8558137038611986,
        1.6436574248740852
      ],
      [
        0.0,
        0.0,
        0.0,
        1.0
      ]
    ],
    [
      [
        0.8499604806137817,
        -0.4161915970479242,
        0.32303519303860345,
        0.4617418006653685
      ],
      [
        0.5268464495417897,
        0.6714411953652383,
        -0.5211521272831096,
        -0.6551114390192193
      ],
      [
        -0.0,
        0.6131486571078815,
        0.7899675463503558,
        1.6728529080858996
      ],
      [
        0.0,
        0.0,
        0.0,
        1.0
      ]
    ],
    [
      [
        -0.46402272554542207,
        -0.6300418141567637,
        0.6226798716768126,
        0.4164896923685853
      ],
      [
        0.885823295120081,
        -0.330036161188302,
        0.3261797389947622,
        0.16483291579420467
      ],
      [
        0.0,
        0.7029391472397473,
        0.7112499949229222,
        1.436605299720735
      ],
      [
        0.0,
        0.0,
        0.0,
        1.0
      ]
    ],
    [
      [
        -0.38206359562086367,
        -0.7709409984933651,
        0.5095855038590782,
        0.5525695740290847
      ],
      [
        0.9241360337641082,
        -0.3187284978989352,
        0.21067685142376544,
        0.19176896857929254
      ],
      [
        0.0,
        0.5514182817690596,
        0.8342289125479038,
        1.428669181514057
      ],
      [
        0.0,
        0.0,
        0.0,
        1.0
      ]
    ],
    [
      [
        -0.31545360434489916,
        -0.7221502240520702,
        0.6156200755395789,
        0.6237616853913286
      ],
      [
        0.9489410010668796,
        -0.2400622281043653,
        0.20464873107780535,
        0.10069979772377258
      ],
      [
        0.0,
        0.6487443106024998,
        0.7610064516552323,
        1.6192753520113492
      ],
      [
        0.0,
        0.0,
        0.0,
        1.0
      ]
    ],
    [
      [
        -0.4093835801580231,
        -0.43201062969725607,
        0.8035993405457597,
        0.7963889366386336
      ],
      [
        0.9123623645772547,
        -0.19384628862210057,
        0.360580826016079,
        0.3437894584129844
      ],
      [
        0.0,
        0.8807896640038515,
        0.4735077272695583,
        1.4373088642267735
      ],
      [
        0.0,
        0.0,
        0.0,
        1.0
      ]
    ],
    [
      [
        0.8871304811432391,
        -0.39839622967774696,
        0.23298058632667462,
        0.3591513167996985
      ],
      [
        0.4615186988915674,
        0.7657965750217834,
        -0.4478348984372933,
        -0.5164014832951497
      ],
      [
        -0.0,
        0.504812885991891,
        0.863228793621099,
        1.5283054231551652
      ],
      [
        0.0,
        0.0,
        0.0,
        1.0
      ]
    ],
    [
      [
        -0.8481309452667276,
        -0.4302131659857566,
        0.30917718462635474,
        0.5115631963293498
      ],
      [
        0.5297866548724752,
        -0.6887245946606956,
        0.494959122583364,
        0.46568051517843234
      ],
      [
        0.0,
        0.5835880949111047,
        0.8120498355877104,
        1.7235519780776234
      ],
      [
        0.0,
        0.0,
        0.0,
        1.0
      ]
    ],
    [
      [
        -0.16950880326609202,
        -0.8492354467997136,
        0.500065917169115,
        0.5736058019404614
      ],
      [
        0.9855286731573553,
        -0.14606666269483573,
        0.08601025772485385,
        0.22041759620255955
      ],
      [
        0.0,
        0.507408795694442,
        0.8617054682731891,
        1.8016109100515736
      ],
      [
        0.0,
        0.0,
        0.0,
        1.0
      ]
    ],
    [
      [
        0.490472868139271,
        -0.530230072024667,
        0.6915868971719706,
        0.6716156356102582
      ],
      [
        0.8714564622625949,
        0.29842393218866975,
        -0.3892387327564087,
        -0.24177812126863363
      ],
      [
        -0.0,
        0.7935989084025813,
        0.6084412646938333,
        1.50341375168912
      ],
      [
        0.0,
        0.0,
        0.0,
        1.0
      ]
    ],
    [
      [
        0.044964681149506455,
        -0.8031605715346072,
        0.5940633583897649,
        0.38455611179547644
      ],
      [
        0.9989885772365584,
        0.03615042237100304,
        -0.02673891383872695,
        -0.13183089773794737
      ],
      [
        -0.0,
        0.5946648159212055,
        0.8039737288651905,
        1.473848144207015
      ],
      [
        0.0,
        0.0,
        0.0,
        1.0
      ]
    ],
    [
      [
        0.9342590047427538,
        -0.31652570802819646,
        0.16423029018524005,
        0.0393829475491306
      ],
      [
        0.35659516549874765,
        0.8292793104592913,
        -0.4302739978049839,
        -0.5815089875154535
      ],
      [
        -0.0,
        0.4605510844644831,
        0.8876332004823775,
        1.748845146145093
      ],
      [
        0.0,
        0.0,
        0.0,
        1.0
      ]
    ],
    [
      [
        0.989525675392795,
        -0.1108068193475483,
        0.09252451850462518,
        0.20371092080772396
      ],
      [
        0.144356980220677,
        0.7595489500084802,
        -0.6342290239358196,
        -0.4667325021486254
      ],
      [
        -0.0,
        0.6409424633515048,
        0.7675889255798998,
        1.508300168703833
      ],
      [
        0.0,
        0.0,
        0.0,
        1.0
      ]
    ],
    [
      [
        -0.8479918867301124,
        -0.47475600347086633,
        0.23561939056086809,
        0.23633827262924356
      ],
      [
        0.5300092075048358,
        -0.7595891418849257,
        0.3769808688655409,
        0.4454662541580769
      ],
      [
        0.0,
        0.4445571647143852,
        0.8957504827244621,
        1.5813403151576757
      ],
      [
        0.0,
        0.0,
        0.0,
        1.0
      ]
    ],
    [
      [
        -0.012097956984774998,
        -0.6972941229480122,
        0.7166830160809988,
        0.4736111841902171
      ],
      [
        0.9999268170405246,
        -0.008436451709665045,
        0.008671034872260399,
        -0.014506253268118476
      ],
      [
        0.0,
        0.7167354689037743,
        0.6973451567303576,
        1.3257524401978378
      ],
      [
        0.0,
        0.0,
        0.0,
        1.0
      ]
    ],
    [
      [
        0.5734510146253265,
        -0.6265651773967037,
        0.5277973212313802,
        0.4529800611131363
      ],
      [
        0.819239851218911,
        0.4385827131974161,
        -0.3694472490887023,
        -0.29705384281593317
      ],
      [
        -0.0,
        0.6442524987597879,
        0.764812864589613,
        1.6273740808821004
      ],
      [
        0.0,
        0.0,
        0.0,
        1.0
      ]
    ],
    [
      [
        0.9999843256114019,
        -0.003808153722814329,
        0.004104448407910831,
        0.1289640508744858
      ],
      [
        0.005598975934024578,
        0.6801411681717581,
        -0.733059781209177,
        -0.7541799800916831
      ],
      [
        -0.0,
        0.7330712716531591,
        0.6801518291358336,
        1.5037134629984947
      ],
      [
        0.0,
        0.0,
        0.0,
        1.0
      ]
    ],
    [
      [
        0.4984967358866104,
        -0.7667056714084942,
        0.40455335586353125,
        0.4749628130406535
      ],
      [
        0.866891575867706,
        0.44088590225407037,
        -0.2326340836662147,
        -0.193979057897643
      ],
      [
        -0.0,
        0.4666712275506862,
        0.8844308708860945,
        1.661106330659463
      ],
      [
        0.0,
        0.0,
        0.0,
        1.0
      ]
    ],
    [
      [
        0.7551240697343792,
        -0.4745346110440439,
        0.4523323360418383,
        0.5664857363948917
      ],
      [
        0.6555819089235063,
        0.5465869357343867,
        -0.5210135145816326,
        -0.4521592337155774
      ],
      [
        -0.0,
        0.689970741847632,
        0.7238372575339215,
        1.593910784613519
      ],
      [
        0.0,
        0.0,
        0.0,
        1.0
      ]
    ],
    [
      [
        -0.9113143805107118,
        -0.2617469585518981,
        0.31779652226418154,
        0.32910574207196647
      ],
      [
        0.4117111850246208,
        -0.5793715984884439,
        0.7034361740702334,
        0.7257215934043915
      ],
      [
        0.0,
        0.7718918839797295,
        0.6357538198439894,
        1.4611044799536084
      ],
      [
        0.0,
        0.0,
        0.0,
        1.0
      ]
    ],
    [
      [
        0.4451670965598549,
        -0.5094328781108155,
        0.7364131984424233,
        0.7427838423865286
      ],
      [
        0.8954475172451308,
        0.2532619175029103,
        -0.36610400844880164,
        -0.23753368015937168
      ],
      [
        -0.0,
        0.8223968286918915,
        0.568914278391323,
        1.4433423636542657
      ],
      [
        0.0,
        0.0,
        0.0,
        1.0
      ]
    ],
    [
      [
        0.9122393043798174,
        -0.23008253693682196,
        0.33894170257043144,
        0.37359663274689014
      ],
      [
        0.4096577248687333,
        0.512355365720115,
        -0.7547665385224629,
        -0.5191002256721812
      ],
      [
        -0.0,
        0.827377788809032,
        0.5616457910333494,
        1.3922622220276932
      ],
      [
        0.0,
        0.0,
        0.0,
        1.0
      ]
    ],
    [
      [
        -0.558084021396135,
        -0.5001342511919435,
        0.6621238221412913,
        0.5669875610150258
      ],
      [
        0.8297844449387554,
        -0.3363728204904414,
        0.44532134529234835,
        0.3180428280501079
      ],
      [
        0.0,
        0.7979467754305292,
        0.6027279183678327,
        1.3098556602023865
      ],
      [
        0.0,
        0.0,
        0.0,
        1.0
      ]
    ],
    [
      [
        -0.222349901148357,
        -0.8131299492299995,
        0.5379407096739699,
        0.5755525879683776
      ],
      [
        0.9749669335209865,
        -0.18544153408272196,
        0.12268217465357716,
        0.1333840487981595
      ],
      [
        0.0,
        0.5517527735338221,
        0.8340077199269409,
        1.556041877540308
      ],
      [
        0.0,
        0.0,
        0.0,
        1.0
      ]
    ],
    [
      [
        0.536781957343748,
        -0.43737178340285116,
        0.7215061007040925,
        0.6633415540444603
      ],
      [
        0.8437210026248101,
        0.27825937869453315,
        -0.45902787268129763,
        -0.3574115567750374
      ],
      [
        -0.0,
        0.8551477306591779,
        0.5183843735573614,
        1.2716869286098555
      ],
      [
        0.0,
        0.0,
        0.0,
        1.0
      ]
    ],
    [
      [
        -0.8878076202683278,
        -0.36846383782163045,
        0.2757390607281521,
        0.3232839035243191
      ],
      [
        0.4602147644236203,
        -0.710809448760413,
        0.5319326067834433,
        0.48172471709936954
      ],
      [
        0.0,
        0.599153008646934,
        0.8006345434899289,
        1.6682144279168134
      ],
      [
        0.0,
        0.0,
        0.0,
        1.0
      ]
    ],
    [
      [
        0.5471063064869058,
        -0.3860876746759683,
        0.7427051883927832,
        0.7056600994264759
      ],
      [
        0.8370631334626175,
        0.2523477539839837,
        -0.4854337458984316,
        -0.3731395823567784
      ],
      [
        -0.0,
        0.887274995997601,
        0.4612408063880054,
        1.3961011348329802
      ],
      [
        0.0,
        0.0,
        0.0,
        1.0
      ]
    ],
    [
      [
        0.7394934109627763,
        -0.39859072712083926,
        0.542471130472322,
        0.48098509911168164
      ],
      [
        0.673163795181112,
        0.437865521715142,
        -0.5959230569045708,
        -0.4599398927279562
      ],
      [
        -0.0,
        0.8058530989866624,
        0.5921155147887891,
        1.2375970702716954
      ],
      [
        0.0,
        0.0,
        0.0,
        1.0
      ]
    ],
    [
      [
        0.6589379900354101,
        -0.6730244350065533,
        0.33591492252087213,
        0.36091871806306197
      ],
      [
        0.7521972648767701,
        0.5895812031709392,
        -0.29426736071031384,
        -0.3654058328550641
      ],
      [
        -0.0,
        0.44657822915097134,
        0.8947445921872803,
        1.548694128583675
      ],
      [
        0.0,
        0.0,
        0.0,
        1.0
      ]
    ],
    [
      [
        -0.027886054849291356,
        -0.6910914446011288,
        0.7222291763312164,
        0.5547941126835795
      ],
      [
        0.9996111083541152,
        -0.019279311493201196,
        0.02014795779739987,
        0.02766066857541627
      ],
      [
        0.0,
        0.7225101544943664,
        0.6913603088495368,
        1.3423427777138204
      ],
      [
        0.0,
        0.0,
        0.0,
        1.0
      ]
    ],
    [
      [
        0.9290703124521612,
        -0.2997456309718142,
        0.2167508044583752,
        0.21634788260742358
      ],
      [
        0.36990316911327464,
        0.7528585594190296,
        -0.5444039263170865,
        -0.443221565632961
      ],
      [
        -0.0,
        0.5859663354006035,
        0.8103353958560537,
        1.4438238038707243
      ],
      [
        0.0,
        0.0,
        0.0,
        1.0
      ]
    ],
    [
      [
        0.6434471843595598,
        -0.5826076863893889,
        0.4965319775198352,
        0.5318717381104756
      ],
      [
        0.7654905100259274,
        0.48972164969202886,
        -0.41736912305914925,
        -0.3273985441918356
      ],
      [
        -0.0,
        0.6486455037868691,
        0.7610906716134936,
        1.7325250415273938
      ],
      [
        0.0,
        0.0,
        0.0,
        1.0
      ]
    ],
    [
      [
        -0.8654150055358762,
        -0.43088220095480434,
        0.2557291479156861,
        0.21948122660830438
      ],
      [
        0.5010557535777224,
        -0.7442124347680414,
        0.44169105010548315,
        0.3617402676694258
      ],
      [
        0.0,
        0.5103806234928667,
        0.8599486142572895,
        1.4184900290529945
      ],
      [
        0.0,
        0.0,
        0.0,
        1.0
      ]
    ],
    [
      [
        -0.8649445895769723,
        -0.2776376669600628,
        0.4180767666906358,
        0.5474117542124914
      ],
      [
        0.5018673698912125,
        -0.47849534021694606,
        0.7205354622981065,
        0.7515357189289398
      ],
      [
        0.0,
        0.833042337024741,
        0.5532092413584193,
        1.3594805410062665
      ],
      [
        0.0,
        0.0,
        0.0,
        1.0
      ]
    ],
    [
      [
        -0.3079992157250288,
        -0.5384247493388004,
        0.784369346935624,
        0.7656467123125408
      ],
      [
        0.9513866107491565,
        -0.17430810844890035,
        0.25392951820574,
        0.3379234698083777
      ],
      [
        0.0,
        0.824448587013415,
        0.56593685811368,
        1.5112266133695464
      ],
      [
        0.0,
        0.0,
        0.0,
        1.0
      ]
    ],
    [
      [
        0.6792076701485159,
        -0.37235754145612165,
        0.6324767206247021,
        0.7695395915059517
      ],
      [
        0.7339461429910404,
        0.34458672561990583,
        -0.5853059436868269,
        -0.5581864596478416
      ],
      [
        -0.0,
        0.8617481359697301,
        0.5073363284377491,
        1.448260613622134
      ],
      [
        0.0,
        0.0,
        0.0,
        1.0
      ]
    ],
    [
      [
        -0.9854434856396754,
        -0.12918622566294022,
        0.11050817032821937,
        0.012705713898914115
      ],
      [
        0.17000334293868125,
        -0.7488424775261013,
        0.6405730303737768,
        0.6643465912986756
      ],
      [
        0.0,
        0.6500352782361387,
        0.7599040314727022,
        1.4973244518659081
      ],
      [
        0.0,
        0.0,
        0.0,
        1.0
      ]
    ],
    [
      [
        0.8905276496579435,
        -0.3084211958974838,
        0.33442020141711676,
        0.21084764135297945
      ],
      [
        0.4549291210668965,
        0.6037371317165922,
        -0.6546304076285514,
        -0.3824050963521566
      ],
      [
        -0.0,
        0.7351039665977788,
        0.6779543924868485,
        1.36641012760797
      ],
      [
        0.0,
        0.0,
        0.0,
        1.0
      ]
    ],
    [
      [
        -0.4212371259170659,
        -0.6269704884932835,
        0.655337539217481,
        0.6176348551789923
      ],
      [
        0.9069505409608232,
        -0.2911991720385752,
        0.30437437220455726,
        0.42242201425197
      ],
      [
        0.0,
        0.7225725214554881,
        0.6912951260044137,
        1.3368795697390385
      ],
      [
        0.0,
        0.0,
        0.0,
        1.0
      ]
    ],
    [
      [
        0.6123217506959527,
        -0.5133248894417807,
        0.6012982882931125,
        0.5958562886976448
      ],
      [
        0.7906086728746677,
        0.3975670970518502,
        -0.46570197521281914,
        -0.6044050536097354
      ],
      [
        -0.0,
        0.7605510904741039,
        0.6492780904809984,
        1.459894056737451
      ],
      [
        0.0,
        0.0,
        0.0,
        1.0
      ]
    ],
    [
      [
        0.682764113082888,
        -0.5021937314107867,
        0.530692587114092,
        0.30846967555373356
      ],
      [
        0.7306388751538871,
        0.4692877278809651,
        -0.4959192097249146,
        -0.3926597926097847
      ],
      [
        -0.0,
        0.7263404742901445,
        0.6873350823346412,
        1.4862202279106624
      ],
      [
        0.0,
        0.0,
        0.0,
        1.0
      ]
    ],
    [
      [
        0.5518520585494996,
        -0.6040730784927382,
        0.5749391457493445,
        0.5415977639271355
      ],
      [
        0.8339420276462147,
        0.3997387837874657,
        -0.38045972094485636,
        -0.2124363048174521
      ],
      [
        -0.0,
        0.689423397177978,
        0.7243585986399113,
        1.5580620792663133
      ],
      [
        0.0,
        0.0,
        0.0,
        1.0
      ]
    ],
    [
      [
        0.9887507958898679,
        0.12655471507419724,
        -0.079723068930152,
        0.05912721798407964
      ],
      [
        -0.14957226891089476,
        0.8365927465322651,
        -0.5270111126176072,
        -0.5802680522542334
      ],
      [
        0.0,
        0.5330070173478865,
        0.846110819844487,
        1.527564836413264
      ],
      [
        0.0,
        0.0,
        0.0,
        1.0
      ]
    ],
    [
      [
        0.9875053637152221,
        -0.09178250471651479,
        0.12809812044534405,
        0.14002499870448626
      ],
      [
        0.15758539473462294,
        0.57515302008418,
        -0.8027240166174051,
        -0.5350630361519145
      ],
      [
        -0.0,
        0.8128806648678575,
        0.582430274525621,
        1.3132104389255082
      ],
      [
        0.0,
        0.0,
        0.0,
        1.0
      ]
    ],
    [
      [
        -0.6707961794475091,
        -0.48250972592678315,
        0.5632200724625196,
        0.5741905212107796
      ],
      [
        0.7416417501992625,
        -0.43641782654629296,
        0.5094182908317924,
        0.6358717966796099
      ],
      [
        0.0,
        0.7594233635191049,
        0.6505967683145448,
        1.5259025585390527
      ],
      [
        0.0,
        0.0,
        0.0,
        1.0
      ]
    ],
    [
      [
        0.8031192053962485,
        -0.3590922619413115,
        0.47544956550360945,
        0.2608944631577702
      ],
      [
        0.5958183799814323,
        0.48402986843614143,
        -0.6408709265819391,
        -0.5392981568378596
      ],
      [
        -0.0,
        0.7979773391992809,
        0.6026874531002249,
        1.179484451082064
      ],
      [
        0.0,
        0.0,
        0.0,
        1.0
      ]
    ],
    [
      [
        0.9987326633671654,
        0.04072667834765613,
        -0.029570336391306233,
        0.047466126334086464
      ],
      [
        -0.05032958497274195,
        0.8081740383569965,
        -0.5867892778521225,
        -0.5424309629849624
      ],
      [
        0.0,
        0.5875338810626247,
        0.8091995666110366,
        1.5133636373186468
      ],
      [
        0.0,
        0.0,
        0.0,
        1.0
      ]
    ],
    [
      [
        0.21033250092776848,
        -0.7190748026809732,
        0.6623380309198541,
        0.7875934343186295
      ],
      [
        0.9776299090420004,
        0.1547055794868619,
        -0.14249892849479254,
        -0.05434113220888718
      ],
      [
        -0.0,
        0.6774936249330717,
        0.7355286453803456,
        1.568261545033566
      ],
      [
        0.0,
        0.0,
        0.0,
        1.0
      ]
    ],
    [
      [
        -0.6688643819840666,
        -0.45003495690365747,
        0.5916831720420953,
        0.5471252787301859
      ],
      [
        0.7433844486623813,
        -0.4049215098085809,
        0.532370296298795,
        0.6360330248321651
      ],
      [
        0.0,
        0.7959315978518898,
        0.6053865637267956,
        1.3609948089325785
      ],
      [
        0.0,
        0.0,
        0.0,
        1.0
      ]
    ],
    [
      [
        -0.9988292423920083,
        0.04003139383064694,
        -0.027159382367465516,
        0.09093458361831656
      ],
      [
        -0.048375040492040465,
        -0.8265528331359263,
        0.560776487998888,
        0.5884125010631428
      ],
      [
        0.0,
        0.5614337908809455,
        0.8275216604156358,
        1.7225341904886784
      ],
      [
        0.0,
        0.0,
        0.0,
        1.0
      ]
    ],
    [
      [
        0.9295013251806634,
        -0.26865195318930085,
        0.25269233176921757,
        0.4232167431744432
      ],
      [
        0.36881877187500994,
        0.6770597527678295,
        -0.6368381306851648,
        -0.6328217741640533
      ],
      [
        -0.0,
        0.6851395618627926,
        0.7284118208612904,
        1.6658022571067785
      ],
      [
        0.0,
        0.0,
        0.0,
        1.0
      ]
    ],
    [
      [
        -0.9332796553517144,
        -0.18687992201089268,
        0.30670014616199287,
        0.17226817832334593
      ],
      [
        0.35915050453338515,
        -0.48562156256213374,
        0.7969834459185,
        0.5880738548707416
      ],
      [
        0.0,
        0.8539599479623821,
        0.520338742816721,
        1.3522631915259027
      ],
      [
        0.0,
        0.0,
        0.0,
        1.0
      ]
    ],
    [
      [
        0.9012962692663425,
        -0.25542371787326024,
        0.34989106784022617,
        0.3894452716932263
      ],
      [
        0.43320322598818745,
        0.5314190435128147,
        -0.7279620630124571,
        -0.7837550888196307
      ],
      [
        -0.0,
        0.8076834308933956,
        0.5896163799117808,
        1.4820187217278065
      ],
      [
        0.0,
        0.0,
        0.0,
        1.0
      ]
    ],
    [
      [
        -0.12210091250403628,
        -0.6111371115895793,
        0.7820503807323591,
        0.8873876764367998
      ],
      [
        0.9925176911096758,
        -0.07518294097784795,
        0.09620893004414795,
        0.09417028586889889
      ],
      [
        0.0,
        0.7879460363653512,
        0.6157443006444578,
        1.5338888460047988
      ],
      [
        0.0,
        0.0,
        0.0,
        1.0
      ]
    ],
    [
      [
        -0.9985369324692,
        -0.024925423824164926,
        0.04798664128886474,
        0.17324976516552237
      ],
      [
        0.05407397243591806,
        -0.4602760833850656,
        0.8861274922767626,
        0.8912567256992387
      ],
      [
        0.0,
        0.8874258562330095,
        0.46095048507308256,
        1.344003480596158
      ],
      [
        0.0,
        0.0,
        0.0,
        1.0
      ]
    ],
    [
      [
        0.5498717981557198,
        -0.7029981130049914,
        0.4510373140932098,
        0.4703913133681798
      ],
      [
        0.8352490679988785,
        0.4628066660693976,
        -0.2969326257734806,
        -0.286247977481832
      ],
      [
        -0.0,
        0.5400033730942343,
        0.8416628523624227,
        1.6097782892586578
      ],
      [
        0.0,
        0.0,
        0.0,
        1.0
      ]
    ],
    [
      [
        0.5855336375897374,
        -0.31012202124967553,
        0.7489824371685533,
        0.6745810793316467
      ],
      [
        0.8106481106194784,
        0.2240020951387155,
        -0.5409923309276535,
        -0.5229300486898645
      ],
      [
        -0.0,
        0.92393040501408,
        0.3825605921818377,
        1.2983728907270522
      ],
      [
        0.0,
        0.0,
        0.0,
        1.0
      ]
    ],
    [
      [
        0.4656410425560023,
        -0.504221160613396,
        0.7272822290397581,
        0.6846847216974585
      ],
      [
        0.884973682934899,
        0.2653028801129792,
        -0.3826695210183311,
        -0.16102684870163259
      ],
      [
        -0.0,
        0.8218122674877993,
        0.569758367210664,
        1.3381891703275164
      ],
      [
        0.0,
        0.0,
        0.0,
        1.0
      ]
    ],
    [
      [
        -0.9400191329169953,
        -0.21437660748843115,
        0.26534260854927044,
        0.14765830534690622
      ],
      [
        0.3411217227764603,
        -0.5907513337138558,
        0.7311968489848136,
        0.576644018989184
      ],
      [
        0.0,
        0.7778531557286708,
        0.628446074156684,
        1.2459030513022866
      ],
      [
        0.0,
        0.0,
        0.0,
        1.0
      ]
    ],
    [
      [
        -0.23499300012760363,
        -0.6601710207921399,
        0.7134090784376746,
        0.7723637483808098
      ],
      [
        0.9719970626967079,
        -0.1596049769356705,
        0.17247597353352154,
        0.27012914790753934
      ],
      [
        0.0,
        0.7339621752131564,
        0.6791903454528575,
        1.5473539921834805
      ],
      [
        0.0,
        0.0,
        0.0,
        1.0
      ]
    ],
    [
      [
        -0.1260044691796613,
        -0.5988440822486659,
        0.7908910411064883,
        0.5391963022544309
      ],
      [
        0.9920296738236976,
        -0.07606327985561319,
        0.10045647669938901,
        0.12805134299065585
      ],
      [
        0.0,
        0.7972453465611198,
        0.6036554127866661,
        1.2728176355991077
      ],
      [
        0.0,
        0.0,
        0.0,
        1.0
      ]
    ],
    [
      [
        0.07165016720215253,
        -0.6340987399049597,
        0.7699253480635937,
        0.803331900295759
      ],
      [
        0.9974298238672752,
        0.04555035316741266,
        -0.055307429757857976,
        0.04804860422018537
      ],
      [
        -0.0,
        0.7719092908996926,
        0.6357326848784273,
        1.3685766715963805
      ],
      [
        0.0,
        0.0,
        0.0,
        1.0
      ]
    ],
    [
      [
        -0.9646462515759965,
        -0.21485013340307077,
        0.1526336447087018,
        0.04090282387064995
      ],
      [
        0.2635481157594938,
